12 10 3 0 1 2 0 4 6 7 9 0 0 0 0 0
0 1 4 0 3 6 7 8 13 0 0 16 0 10 9 12
6 2 0 13 0 0 0 16 0 1 12 4 0 0 11 8
15 7 0 16 11 12 0 14 2 5 0 8 0 0 0 6
1 0 2 4 14 13 0 7 0 8 0 0 11 15 16 0
0 5 0 0 0 16 6 11 4 0 0 15 14 12 0 0
10 0 11 0 15 5 0 1 0 0 13 14 0 0 2 7
13 14 0 15 0 9 0 0 11 0 7 2 4 0 0 1
2 4 1 0 5 7 8 6 14 16 0 10 15 13 0 9
0 9 0 10 0 0 11 13 15 0 2 0 16 4 0 14
11 13 0 7 0 1 14 15 9 4 3 12 8 0 10 0
16 12 0 14 0 4 0 0 1 13 0 0 6 11 7 3
0 0 0 0 4 14 9 0 8 15 16 6 0 2 0 5
0 16 10 0 6 11 0 12 7 2 14 13 0 9 0 0
14 8 13 2 0 0 16 0 12 0 4 3 0 0 6 11
9 0 12 6 0 0 0 2 10 0 0 1 0 0 14 4
